JPDA Listening Start...
JPDA Address: DESKTOP-FLOHLFM:51530
Port:51530
cd C:\Users\AsusPC\Documents\NetBeansProjects\SudokuGenerator; JAVA_HOME=C:\\Java\\jdk1.8.0_141 cmd /c "\"\"C:\\Program Files\\NetBeans 8.2\\java\\maven\\bin\\mvn.bat\" -Dexec.args=\"-Xdebug -Xrunjdwp:transport=dt_socket,server=n,address=51530 -classpath %classpath sudokugenerator.SudokuGenerator\" -Dexec.executable=C:\\Java\\jdk1.8.0_141\\bin\\java.exe -Djpda.listen=true -Djpda.address=51530 -Dmaven.ext.class.path=\"C:\\Program Files\\NetBeans 8.2\\java\\maven-nblib\\netbeans-eventspy.jar\" -Dfile.encoding=UTF-8 org.codehaus.mojo:exec-maven-plugin:1.2.1:exec\""
Running NetBeans Compile On Save execution. Phase execution is skipped and output directories of dependency projects (with Compile on Save turned on) will be used instead of their jar artifacts.
Scanning for projects...
                                                                        
------------------------------------------------------------------------
Building SudokuGenerator 1.0-SNAPSHOT
------------------------------------------------------------------------

--- exec-maven-plugin:1.2.1:exec (default-cli) @ SudokuGenerator ---
Added number 1 at: 0, 1
0  1  0    0  0  0    0  0  0    
0  0  0    0  0  0    0  0  0    
0  0  0    0  0  0    0  0  0    

0  0  0    0  0  0    0  0  0    
0  0  0    0  0  0    0  0  0    
0  0  0    0  0  0    0  0  0    

0  0  0    0  0  0    0  0  0    
0  0  0    0  0  0    0  0  0    
0  0  0    0  0  0    0  0  0    


Added number 1 at: 2, 5
0  1  0    0  0  0    0  0  0    
0  0  0    0  0  0    0  0  0    
0  0  0    0  0  1    0  0  0    

0  0  0    0  0  0    0  0  0    
0  0  0    0  0  0    0  0  0    
0  0  0    0  0  0    0  0  0    

0  0  0    0  0  0    0  0  0    
0  0  0    0  0  0    0  0  0    
0  0  0    0  0  0    0  0  0    


Added number 1 at: 1, 6
0  1  0    0  0  0    0  0  0    
0  0  0    0  0  0    1  0  0    
0  0  0    0  0  1    0  0  0    

0  0  0    0  0  0    0  0  0    
0  0  0    0  0  0    0  0  0    
0  0  0    0  0  0    0  0  0    

0  0  0    0  0  0    0  0  0    
0  0  0    0  0  0    0  0  0    
0  0  0    0  0  0    0  0  0    


Added number 1 at: 3, 0
0  1  0    0  0  0    0  0  0    
0  0  0    0  0  0    1  0  0    
0  0  0    0  0  1    0  0  0    

1  0  0    0  0  0    0  0  0    
0  0  0    0  0  0    0  0  0    
0  0  0    0  0  0    0  0  0    

0  0  0    0  0  0    0  0  0    
0  0  0    0  0  0    0  0  0    
0  0  0    0  0  0    0  0  0    


Added number 1 at: 4, 4
0  1  0    0  0  0    0  0  0    
0  0  0    0  0  0    1  0  0    
0  0  0    0  0  1    0  0  0    

1  0  0    0  0  0    0  0  0    
0  0  0    0  1  0    0  0  0    
0  0  0    0  0  0    0  0  0    

0  0  0    0  0  0    0  0  0    
0  0  0    0  0  0    0  0  0    
0  0  0    0  0  0    0  0  0    


Added number 1 at: 5, 8
0  1  0    0  0  0    0  0  0    
0  0  0    0  0  0    1  0  0    
0  0  0    0  0  1    0  0  0    

1  0  0    0  0  0    0  0  0    
0  0  0    0  1  0    0  0  0    
0  0  0    0  0  0    0  0  1    

0  0  0    0  0  0    0  0  0    
0  0  0    0  0  0    0  0  0    
0  0  0    0  0  0    0  0  0    


Added number 1 at: 6, 2
0  1  0    0  0  0    0  0  0    
0  0  0    0  0  0    1  0  0    
0  0  0    0  0  1    0  0  0    

1  0  0    0  0  0    0  0  0    
0  0  0    0  1  0    0  0  0    
0  0  0    0  0  0    0  0  1    

0  0  1    0  0  0    0  0  0    
0  0  0    0  0  0    0  0  0    
0  0  0    0  0  0    0  0  0    


Added number 1 at: 8, 3
0  1  0    0  0  0    0  0  0    
0  0  0    0  0  0    1  0  0    
0  0  0    0  0  1    0  0  0    

1  0  0    0  0  0    0  0  0    
0  0  0    0  1  0    0  0  0    
0  0  0    0  0  0    0  0  1    

0  0  1    0  0  0    0  0  0    
0  0  0    0  0  0    0  0  0    
0  0  0    1  0  0    0  0  0    


Added number 1 at: 7, 7
0  1  0    0  0  0    0  0  0    
0  0  0    0  0  0    1  0  0    
0  0  0    0  0  1    0  0  0    

1  0  0    0  0  0    0  0  0    
0  0  0    0  1  0    0  0  0    
0  0  0    0  0  0    0  0  1    

0  0  1    0  0  0    0  0  0    
0  0  0    0  0  0    0  1  0    
0  0  0    1  0  0    0  0  0    


Added number 2 at: 1, 2
0  1  0    0  0  0    0  0  0    
0  0  2    0  0  0    1  0  0    
0  0  0    0  0  1    0  0  0    

1  0  0    0  0  0    0  0  0    
0  0  0    0  1  0    0  0  0    
0  0  0    0  0  0    0  0  1    

0  0  1    0  0  0    0  0  0    
0  0  0    0  0  0    0  1  0    
0  0  0    1  0  0    0  0  0    


Added number 2 at: 0, 3
0  1  0    2  0  0    0  0  0    
0  0  2    0  0  0    1  0  0    
0  0  0    0  0  1    0  0  0    

1  0  0    0  0  0    0  0  0    
0  0  0    0  1  0    0  0  0    
0  0  0    0  0  0    0  0  1    

0  0  1    0  0  0    0  0  0    
0  0  0    0  0  0    0  1  0    
0  0  0    1  0  0    0  0  0    


Added number 2 at: 2, 7
0  1  0    2  0  0    0  0  0    
0  0  2    0  0  0    1  0  0    
0  0  0    0  0  1    0  2  0    

1  0  0    0  0  0    0  0  0    
0  0  0    0  1  0    0  0  0    
0  0  0    0  0  0    0  0  1    

0  0  1    0  0  0    0  0  0    
0  0  0    0  0  0    0  1  0    
0  0  0    1  0  0    0  0  0    


Added number 2 at: 3, 1
0  1  0    2  0  0    0  0  0    
0  0  2    0  0  0    1  0  0    
0  0  0    0  0  1    0  2  0    

1  2  0    0  0  0    0  0  0    
0  0  0    0  1  0    0  0  0    
0  0  0    0  0  0    0  0  1    

0  0  1    0  0  0    0  0  0    
0  0  0    0  0  0    0  1  0    
0  0  0    1  0  0    0  0  0    


Added number 2 at: 5, 4
0  1  0    2  0  0    0  0  0    
0  0  2    0  0  0    1  0  0    
0  0  0    0  0  1    0  2  0    

1  2  0    0  0  0    0  0  0    
0  0  0    0  1  0    0  0  0    
0  0  0    0  2  0    0  0  1    

0  0  1    0  0  0    0  0  0    
0  0  0    0  0  0    0  1  0    
0  0  0    1  0  0    0  0  0    


Added number 2 at: 4, 8
0  1  0    2  0  0    0  0  0    
0  0  2    0  0  0    1  0  0    
0  0  0    0  0  1    0  2  0    

1  2  0    0  0  0    0  0  0    
0  0  0    0  1  0    0  0  2    
0  0  0    0  2  0    0  0  1    

0  0  1    0  0  0    0  0  0    
0  0  0    0  0  0    0  1  0    
0  0  0    1  0  0    0  0  0    


Added number 2 at: 8, 0
0  1  0    2  0  0    0  0  0    
0  0  2    0  0  0    1  0  0    
0  0  0    0  0  1    0  2  0    

1  2  0    0  0  0    0  0  0    
0  0  0    0  1  0    0  0  2    
0  0  0    0  2  0    0  0  1    

0  0  1    0  0  0    0  0  0    
0  0  0    0  0  0    0  1  0    
2  0  0    1  0  0    0  0  0    


Added number 2 at: 6, 5
0  1  0    2  0  0    0  0  0    
0  0  2    0  0  0    1  0  0    
0  0  0    0  0  1    0  2  0    

1  2  0    0  0  0    0  0  0    
0  0  0    0  1  0    0  0  2    
0  0  0    0  2  0    0  0  1    

0  0  1    0  0  2    0  0  0    
0  0  0    0  0  0    0  1  0    
2  0  0    1  0  0    0  0  0    


Added number 2 at: 7, 6
0  1  0    2  0  0    0  0  0    
0  0  2    0  0  0    1  0  0    
0  0  0    0  0  1    0  2  0    

1  2  0    0  0  0    0  0  0    
0  0  0    0  1  0    0  0  2    
0  0  0    0  2  0    0  0  1    

0  0  1    0  0  2    0  0  0    
0  0  0    0  0  0    2  1  0    
2  0  0    1  0  0    0  0  0    


Added number 3 at: 2, 0
0  1  0    2  0  0    0  0  0    
0  0  2    0  0  0    1  0  0    
3  0  0    0  0  1    0  2  0    

1  2  0    0  0  0    0  0  0    
0  0  0    0  1  0    0  0  2    
0  0  0    0  2  0    0  0  1    

0  0  1    0  0  2    0  0  0    
0  0  0    0  0  0    2  1  0    
2  0  0    1  0  0    0  0  0    


Added number 3 at: 1, 4
0  1  0    2  0  0    0  0  0    
0  0  2    0  3  0    1  0  0    
3  0  0    0  0  1    0  2  0    

1  2  0    0  0  0    0  0  0    
0  0  0    0  1  0    0  0  2    
0  0  0    0  2  0    0  0  1    

0  0  1    0  0  2    0  0  0    
0  0  0    0  0  0    2  1  0    
2  0  0    1  0  0    0  0  0    


Added number 3 at: 0, 8
0  1  0    2  0  0    0  0  3    
0  0  2    0  3  0    1  0  0    
3  0  0    0  0  1    0  2  0    

1  2  0    0  0  0    0  0  0    
0  0  0    0  1  0    0  0  2    
0  0  0    0  2  0    0  0  1    

0  0  1    0  0  2    0  0  0    
0  0  0    0  0  0    2  1  0    
2  0  0    1  0  0    0  0  0    


Added number 3 at: 5, 2
0  1  0    2  0  0    0  0  3    
0  0  2    0  3  0    1  0  0    
3  0  0    0  0  1    0  2  0    

1  2  0    0  0  0    0  0  0    
0  0  0    0  1  0    0  0  2    
0  0  3    0  2  0    0  0  1    

0  0  1    0  0  2    0  0  0    
0  0  0    0  0  0    2  1  0    
2  0  0    1  0  0    0  0  0    


Added number 3 at: 4, 5
0  1  0    2  0  0    0  0  3    
0  0  2    0  3  0    1  0  0    
3  0  0    0  0  1    0  2  0    

1  2  0    0  0  0    0  0  0    
0  0  0    0  1  3    0  0  2    
0  0  3    0  2  0    0  0  1    

0  0  1    0  0  2    0  0  0    
0  0  0    0  0  0    2  1  0    
2  0  0    1  0  0    0  0  0    


Added number 3 at: 3, 6
0  1  0    2  0  0    0  0  3    
0  0  2    0  3  0    1  0  0    
3  0  0    0  0  1    0  2  0    

1  2  0    0  0  0    3  0  0    
0  0  0    0  1  3    0  0  2    
0  0  3    0  2  0    0  0  1    

0  0  1    0  0  2    0  0  0    
0  0  0    0  0  0    2  1  0    
2  0  0    1  0  0    0  0  0    


Added number 3 at: 7, 1
0  1  0    2  0  0    0  0  3    
0  0  2    0  3  0    1  0  0    
3  0  0    0  0  1    0  2  0    

1  2  0    0  0  0    3  0  0    
0  0  0    0  1  3    0  0  2    
0  0  3    0  2  0    0  0  1    

0  0  1    0  0  2    0  0  0    
0  3  0    0  0  0    2  1  0    
2  0  0    1  0  0    0  0  0    


Added number 3 at: 6, 3
0  1  0    2  0  0    0  0  3    
0  0  2    0  3  0    1  0  0    
3  0  0    0  0  1    0  2  0    

1  2  0    0  0  0    3  0  0    
0  0  0    0  1  3    0  0  2    
0  0  3    0  2  0    0  0  1    

0  0  1    3  0  2    0  0  0    
0  3  0    0  0  0    2  1  0    
2  0  0    1  0  0    0  0  0    


Added number 3 at: 8, 7
0  1  0    2  0  0    0  0  3    
0  0  2    0  3  0    1  0  0    
3  0  0    0  0  1    0  2  0    

1  2  0    0  0  0    3  0  0    
0  0  0    0  1  3    0  0  2    
0  0  3    0  2  0    0  0  1    

0  0  1    3  0  2    0  0  0    
0  3  0    0  0  0    2  1  0    
2  0  0    1  0  0    0  3  0    


Added number 4 at: 0, 2
0  1  4    2  0  0    0  0  3    
0  0  2    0  3  0    1  0  0    
3  0  0    0  0  1    0  2  0    

1  2  0    0  0  0    3  0  0    
0  0  0    0  1  3    0  0  2    
0  0  3    0  2  0    0  0  1    

0  0  1    3  0  2    0  0  0    
0  3  0    0  0  0    2  1  0    
2  0  0    1  0  0    0  3  0    


Added number 4 at: 2, 4
0  1  4    2  0  0    0  0  3    
0  0  2    0  3  0    1  0  0    
3  0  0    0  4  1    0  2  0    

1  2  0    0  0  0    3  0  0    
0  0  0    0  1  3    0  0  2    
0  0  3    0  2  0    0  0  1    

0  0  1    3  0  2    0  0  0    
0  3  0    0  0  0    2  1  0    
2  0  0    1  0  0    0  3  0    


Added number 4 at: 1, 8
0  1  4    2  0  0    0  0  3    
0  0  2    0  3  0    1  0  4    
3  0  0    0  4  1    0  2  0    

1  2  0    0  0  0    3  0  0    
0  0  0    0  1  3    0  0  2    
0  0  3    0  2  0    0  0  1    

0  0  1    3  0  2    0  0  0    
0  3  0    0  0  0    2  1  0    
2  0  0    1  0  0    0  3  0    


Added number 4 at: 5, 0
0  1  4    2  0  0    0  0  3    
0  0  2    0  3  0    1  0  4    
3  0  0    0  4  1    0  2  0    

1  2  0    0  0  0    3  0  0    
0  0  0    0  1  3    0  0  2    
4  0  3    0  2  0    0  0  1    

0  0  1    3  0  2    0  0  0    
0  3  0    0  0  0    2  1  0    
2  0  0    1  0  0    0  3  0    


Added number 4 at: 3, 3
0  1  4    2  0  0    0  0  3    
0  0  2    0  3  0    1  0  4    
3  0  0    0  4  1    0  2  0    

1  2  0    4  0  0    3  0  0    
0  0  0    0  1  3    0  0  2    
4  0  3    0  2  0    0  0  1    

0  0  1    3  0  2    0  0  0    
0  3  0    0  0  0    2  1  0    
2  0  0    1  0  0    0  3  0    


Added number 4 at: 4, 6
0  1  4    2  0  0    0  0  3    
0  0  2    0  3  0    1  0  4    
3  0  0    0  4  1    0  2  0    

1  2  0    4  0  0    3  0  0    
0  0  0    0  1  3    4  0  2    
4  0  3    0  2  0    0  0  1    

0  0  1    3  0  2    0  0  0    
0  3  0    0  0  0    2  1  0    
2  0  0    1  0  0    0  3  0    


Added number 4 at: 6, 1
0  1  4    2  0  0    0  0  3    
0  0  2    0  3  0    1  0  4    
3  0  0    0  4  1    0  2  0    

1  2  0    4  0  0    3  0  0    
0  0  0    0  1  3    4  0  2    
4  0  3    0  2  0    0  0  1    

0  4  1    3  0  2    0  0  0    
0  3  0    0  0  0    2  1  0    
2  0  0    1  0  0    0  3  0    


Added number 4 at: 7, 5
0  1  4    2  0  0    0  0  3    
0  0  2    0  3  0    1  0  4    
3  0  0    0  4  1    0  2  0    

1  2  0    4  0  0    3  0  0    
0  0  0    0  1  3    4  0  2    
4  0  3    0  2  0    0  0  1    

0  4  1    3  0  2    0  0  0    
0  3  0    0  0  4    2  1  0    
2  0  0    1  0  0    0  3  0    


